# relative_time, cycles_done, cur_item, corpus_count, pending_total, pending_favs, map_size, saved_crashes, saved_hangs, max_depth, execs_per_sec, total_execs, edges_found, total_crashes, servers_count
60, 29, 1, 6, 0, 0, 50.00%, 0, 0, 5, 518.04, 33110, 15, 0, 0
66, 32, 5, 6, 0, 0, 50.00%, 0, 0, 5, 536.03, 35892, 15, 0, 0
71, 34, 0, 6, 0, 0, 50.00%, 0, 0, 5, 531.21, 38564, 15, 0, 0
76, 36, 5, 6, 0, 0, 50.00%, 0, 0, 5, 504.77, 41013, 15, 0, 0
81, 39, 0, 6, 0, 0, 50.00%, 0, 0, 5, 542.03, 43758, 15, 0, 0
86, 42, 2, 6, 0, 0, 50.00%, 0, 0, 5, 566.05, 46695, 15, 0, 0
91, 43, 6, 7, 0, 0, 53.33%, 0, 0, 6, 565.49, 49502, 16, 0, 0
96, 44, 6, 7, 0, 0, 53.33%, 0, 0, 6, 582.00, 52433, 16, 0, 0
101, 45, 2, 7, 0, 0, 53.33%, 0, 0, 6, 539.90, 55091, 16, 0, 0
106, 46, 6, 7, 0, 0, 53.33%, 0, 0, 6, 568.41, 57982, 16, 0, 0
108, 47, 3, 7, 0, 0, 53.33%, 0, 0, 6, 563.73, 59335, 16, 0, 0
